 57365
 36394
 17637
  5290
 60524
 36598
 33802
 26392
 51535
 37976
 47868
 65248
 58007
  1111
 34087
 48542
  6289
  5472
 13848
 28250
  2253
 43571
 30089
 18505
 30934
 24832
 13592
 26749
 61582
 31075
 49765
 62015
  4137
 16389
 10817
 53141
 45244
  9837
 50501
 23746
 13937
 59280
 45077
 34929
 55393
 13885
 21341
 46852
 18819
 28442
 22006
 41570
 27992
 15101
 36948
 51023
 64177
 41847
 52237
 29564
 19836
 29767
 33292
 26017
  7745
 30556
 41427
 29299
 26019
 11864
 37796
 14284
 41890
 37647
  7513
 57168
 38276
 41218
  5312
 52230
 41225
 35770
 50999
  3692
 38579
 23043
 10040
 12037
 54779
 25537
 38586
 33848
 24275
 29400
 39661
 12863
  9724
 33220
 47004
 19466
 32766
 13453
 25479
 11375
  9352
 41893
 24767
 49235
 47618
 37535
  5341
 27527
  2426
 58727
 24416
 27175
 53856
 42649
  7317
 54500
 10046
 21879
 49780
 25796
 65225
 34712
 20634
   892
  7883
 55405
 50157
 50898
 53145
 51001
 53428
 41634
  4836
 55033
  4566
 33934
 21618
 23668
 24425
 20854
 46826
 52669
 48240
 26173
 21100
 31287
